Hash Table length=16
Fullness Add Get
   10% 1.00(2) 1.00(1) 
   20% 1.50(2) 1.20(5) 
   30% 1.00(1) 1.25(4) 
   40% 1.00(2) 1.18(11) 
   50% 1.00(1) 1.14(7) 
   60% 2.00(2) 1.12(17) 
   70% 4.50(2) 1.43(21) 
   80% 1.00(1) 1.83(12) 
   90% 3.00(2) 1.78(27) 
  100% 8.00(1) 1.93(15) 
  
Hash Table length=32
Fullness Add Get
   10% 1.00(4) 0.00(0) 
   20% 1.00(3) 0.00(0) 
   30% 1.00(3) 0.00(0) 
   40% 2.00(3) 0.00(0) 
   50% 1.00(3) 0.00(0) 
   60% 1.25(4) 1.17(70) 
   70% 3.00(3) 1.29(63) 
   80% 6.33(3) 1.61(72) 
   90% 9.67(3) 2.17(81) 
  100% 25.33(3) 3.44(90) 
  
Hash Table length=64
Fullness Add Get
   10% 1.29(7) 0.00(0) 
   20% 3.00(6) 0.00(0) 
   30% 1.29(7) 0.00(0) 
   40% 1.67(6) 0.00(0) 
   50% 1.17(6) 0.00(0) 
   60% 4.00(7) 1.88(245) 
   70% 6.17(6) 2.12(249) 
   80% 5.43(7) 2.81(336) 
   90% 22.17(6) 3.77(327) 
  100% 35.83(6) 6.45(363) 
  
Hash Table length=128
Fullness Add Get
   10% 1.77(13) 0.00(0) 
   20% 1.62(13) 0.00(0) 
   30% 2.00(13) 0.00(0) 
   40% 1.31(13) 0.00(0) 
   50% 1.58(12) 0.00(0) 
   60% 3.46(13) 1.75(910) 
   70% 3.85(13) 2.07(1079) 
   80% 9.77(13) 2.73(1248) 
   90% 20.38(13) 4.02(1417) 
  100% 27.67(12) 6.05(1458) 
  
Hash Table length=256
Fullness Add Get
   10% 1.58(26) 0.00(0) 
   20% 2.65(26) 0.00(0) 
   30% 1.44(25) 0.00(0) 
   40% 1.46(26) 0.00(0) 
   50% 1.80(25) 0.00(0) 
   60% 1.77(26) 1.78(3653) 
   70% 3.65(26) 1.92(4329) 
   80% 13.64(25) 2.61(4800) 
   90% 31.85(26) 4.35(5655) 
  100% 89.24(25) 9.89(6075) 
  
Hash Table length=512
Fullness Add Get
   10% 1.23(52) 0.00(0) 
   20% 1.59(51) 0.00(0) 
   30% 1.90(51) 0.00(0) 
   40% 1.35(51) 0.00(0) 
   50% 1.92(51) 0.00(0) 
   60% 3.08(52) 1.72(14638) 
   70% 4.88(51) 2.06(16983) 
   80% 5.35(51) 2.43(19584) 
   90% 16.63(51) 3.21(22185) 
  100% 99.45(51) 7.34(24786) 
  
Hash Table length=1024
Fullness Add Get
   10% 1.32(103) 0.00(0) 
   20% 1.31(102) 0.00(0) 
   30% 1.50(103) 0.00(0) 
   40% 1.66(102) 0.00(0) 
   50% 1.54(102) 0.00(0) 
   60% 2.76(103) 1.58(57989) 
   70% 3.92(102) 1.84(67881) 
   80% 7.50(103) 2.28(79104) 
   90% 18.61(102) 3.55(88791) 
  100% 131.07(101) 8.19(99195) 
