Задание 1
десятичное 65535
шестнадцатиричное FFFF
двоичное 1111 1111 1111 1111

Задание 2

0xCAFEBABE - 0xBAADF00D = 
1100 1010 1111 1110 1011 1010 1011 1010 - 
1011 1010 1010 1101 1111 0000 0000 1101
----------------------------------------
0001 0000 0101 0000 1100 1010 1010 1101

0xDEADC0DE + 0xDEADFACE = 
1101 1110 1010 1101 1100 0000 1101 1110 +
1101 1110 1010 1101 1111 1010 1100 1110
---------------------------------------
11011 1101 0101 1011 1011 1011 1010 1100

0xCAFEFACE & 0xBAADC0DE = 
1100 1010 1111 1110 1111 1010 1100 1110 &
1011 1010 1010 1101 1100 0000 1101 1110
---------------------------------------
1000 1010 1010 1100 1100 0000 1100 1110

0xBAADFACE | 0x600DFACE = 
1011 1010 1010 1101 1111 1010 1100 1110 |
0110 0000 0000 1101 1111 1010 1100 1110
---------------------------------------
1111 1010 1010 1101 1111 1010 1100 1110

0xDEADC0DE >> 1 =
1101 1110 1010 1101 1100 0000 1101 1110 >> 1
---------------------------------------
0110 1111 0101 0110 1110 0000 0110 1111

0xDEADC0DE << 2 =
1101 1110 1010 1101 1100 0000 1101 1110 << 2
---------------------------------------
0111 1010 1011 0111 0000 0011 0111 1000

